%YAML:1.0
---


T_rgb_depth: !!opencv-matrix
   rows: 4
   cols: 4
   dt: d
   data: [ 9.9999899999999997e-01, 5.0424100000000000e-04,-1.2488400000000000e-03, -3.2005400000000003e-02,
       -3.7795000000000000e-04, 9.9507400000000001e-01, 9.9137100000000006e-02, -1.8432500000000001e-03,
       1.2926800000000000e-03, -9.9136500000000002e-02, 9.9507299999999999e-01, 4.0523699999999996e-03,
        0., 0., 0., 1. ]

T_ev_depth: !!opencv-matrix
   rows: 4
   cols: 4
   dt: d
   data: [1,0,0,0,
          0,1,0,0,
          0,0,1,0,
          0,0,0,1]      

T_ev_map: !!opencv-matrix
   rows: 4
   cols: 4
   dt: d
   data: [1,0,0,0,
          0,1,0,0,
          0,0,1,0,
          0,0,0,1]


K_rgb: !!opencv-matrix
   rows: 3
   cols: 3
   dt: d
   data: [ 890.55862,    0.     ,  629.38333,
            0.     ,  891.05305,  539.59751,
            0.     ,    0.     ,    1.     ]
K_ev: !!opencv-matrix
   rows: 3
   cols: 3
   dt: d
   data: [ 886.19107,    0.     ,  610.57891,
            0.     ,  886.59163,  514.59271,
            0.     ,    0.     ,    1.     ]
K_depth: !!opencv-matrix
   rows: 3
   cols: 3
   dt: d
   data: [557.19116,   0.     , 310.87738,  
           0.     , 557.79749, 239.09586, 
           0.     ,   0.     ,   1.    ]

P_ev: !!opencv-matrix
   rows: 3
   cols: 4
   dt: d
   data: [ 737.85626,    0.     ,  609.6249 ,    0.     ,
            0.     ,  784.1731 ,  515.77673,    0.     ,
            0.     ,    0.     ,    1.     ,    0.     ]

dist_rgb: !!opencv-matrix
   rows: 5
   cols: 1
   dt: d
   data: [-0.314092, 0.097589, -0.000345, -0.000504, 0.000000]

dist_ev: !!opencv-matrix
   rows: 5
   cols: 1
   dt: d
   data: [-0.315760, 0.104955, 0.000320, -0.000156, 0.000000]

dist_depth: !!opencv-matrix
   rows: 5
   cols: 1
   dt: d
   data: [5.3632999999999997e+00, 3.3549300000000000e+00,
       1.6303200000000001e-01, -1.0816800000000000e-05,
       -1.4386799999999999e-05]

height_ev: 1024
width_ev: 1224

height_rgb: 1024
width_rgb: 1224

height_depth: 576
width_depth: 640

camera_name: mpl_prophesee

depth_topic: "/kinect/depth_image"

event_topic: "/prophesee/left/events"

rgb_topic: "/camera/left/image_mono"

imu_topic: "/imu/data"

gt_topic: "/gt/pose"

tolerant_msec: 20.0

distortion_model: "plumb_bob" # "equidistant"

depth_downsample_factor: 1

dataset_version: "New"

ts_decay_factor: 10e-3 # exponential decay factor in ms 

ignore_polarity: 1

ac_accumulated_time: 20.0e-3 #accumulated time

ts_mode: "backward" # "forward"

depth_mode: "ts" # "rgb"

with_ICP: 0

with_event: 0

ACC_N: 1  #the variance of the noise in ACC

ACC_W: 1  #the variance of the bias in ACC

GYR_N: 1  #the variance of the noise in GYR

GYR_W: 1  #the variance of the bias in GYR

bias_a: !!opencv-matrix
    rows: 1
    cols: 3
    dt: d
    data: [0., 0., 0.]

bias_w: !!opencv-matrix
    rows: 1
    cols: 3
    dt: d
    data: [0., 0., 0.]

bag_path: "(The path of your rosbag)/sofa_f_edited.bag"

pcd_path: "(The path of your map)/sofa_f.pcd"

resultPath: "(The path of your result)"

calib_dir: "(The path of your workspace)/src/EVENT-D-VO/esvo_plus/cfg/calib_mpl/vector"

ts_interp_factor: 1

start_time: 1642515323.747549 
